5.8      7.8    0.2     0.6     -180    -140
5.8      7.8    0.2     0.6     -140    -100
5.8      7.8    0.2     0.6     -100     -60
5.8      7.8    0.2     0.6      -60     -20
5.8      7.8    0.2     0.6      -20      20
5.8      7.8    0.2     0.6       20      60
5.8      7.8    0.2     0.6       60     100
5.8      7.8    0.2     0.6      100     140
5.8      7.8    0.2     0.6      140     180
5.8      7.8    0.6     2.0     -180    -140
5.8      7.8    0.6     2.0     -140    -100
5.8      7.8    0.6     2.0     -100     -60
5.8      7.8    0.6     2.0      -60     -20
5.8      7.8    0.6     2.0      -20      20
5.8      7.8    0.6     2.0       20      60
5.8      7.8    0.6     2.0       60     100
5.8      7.8    0.6     2.0      100     140
5.8      7.8    0.6     2.0      140     180
7.8      8.8    0.2     0.6     -180    -140
7.8      8.8    0.2     0.6     -140    -100
7.8      8.8    0.2     0.6     -100     -60
7.8      8.8    0.2     0.6      -60     -20
7.8      8.8    0.2     0.6      -20      20
7.8      8.8    0.2     0.6       20      60
7.8      8.8    0.2     0.6       60     100
7.8      8.8    0.2     0.6      100     140
7.8      8.8    0.2     0.6      140     180
7.8      8.8    0.6     2.0     -180    -140
7.8      8.8    0.6     2.0     -140    -100
7.8      8.8    0.6     2.0     -100     -60
7.8      8.8    0.6     2.0      -60     -20
7.8      8.8    0.6     2.0      -20      20
7.8      8.8    0.6     2.0       20      60
7.8      8.8    0.6     2.0       60     100
7.8      8.8    0.6     2.0      100     140
7.8      8.8    0.6     2.0      140     180
8.8     10.8    0.2     0.6     -180    -140
8.8     10.8    0.2     0.6     -140    -100
8.8     10.8    0.2     0.6     -100     -60
8.8     10.8    0.2     0.6      -60     -20
8.8     10.8    0.2     0.6      -20      20
8.8     10.8    0.2     0.6       20      60
8.8     10.8    0.2     0.6       60     100
8.8     10.8    0.2     0.6      100     140
8.8     10.8    0.2     0.6      140     180
8.8     10.8    0.6     2.0     -180    -140
8.8     10.8    0.6     2.0     -140    -100
8.8     10.8    0.6     2.0     -100     -60
8.8     10.8    0.6     2.0      -60     -20
8.8     10.8    0.6     2.0      -20      20
8.8     10.8    0.6     2.0       20      60
8.8     10.8    0.6     2.0       60     100
8.8     10.8    0.6     2.0      100     140
8.8     10.8    0.6     2.0      140     180